Symboltable:
aileron = -0.001408
airspeed = 112.244
alt = 616.102
autostart = 0
brakeparking = 0
breaks = 0
elevator = 0.096729
h0 = -11.4271
heading = -11.4271
magnetos = 3
masteravionics = 1
masterbat = 1
masterlat = 1
mixture = 0.949
pitch = -5.00327
primer = 0
roll = -10.3776
rpm = 2648.92
rudder = 0
starter = 0
throttle = 1
warp = 0

Names:
